-2400	3600	986.75	581.75	178	103	103	1
-2400	3600	989.75	586.25	178	103	153	1
-2400	3600	983.75	583.25	178	103	203	1
-2400	3600	985.25	586.25	178	103	253	1
-2400	3600	982.25	575.75	178	103	3	1
-2400	3600	983.75	589.25	178	103	53	1
-2400	3600	995.75	503.75	178	153	103	1
-2400	3600	994.25	506.75	178	153	153	1
-2400	3600	995.75	505.25	178	153	203	1
-2400	3600	994.25	503.75	178	153	253	1
-2400	3600	992.75	494.75	178	153	3	1
-2400	3600	997.25	502.25	178	153	53	1
-2400	3600	1003.3	431.75	178	203	103	1
-2400	3600	1001.8	428.75	178	203	153	1
-2400	3600	1006.3	431.75	178	203	203	1
-2400	3600	1004.8	431.75	178	203	253	1
-2400	3600	1199.8	416.75	178	203	3	1
-2400	3600	1003.3	428.75	178	203	53	1
-2400	3600	1006.3	356.75	178	253	103	1
-2400	3600	1003.3	352.25	178	253	153	1
-2400	3600	1003.3	355.25	178	253	203	1
-2400	3600	1009.3	355.25	178	253	253	1
-2400	3600	992.75	353.75	178	253	3	1
-2400	3600	1007.8	355.25	178	253	53	1
-2400	3600	1124.8	598.25	203	103	103	1
-2400	3600	1132.3	598.25	203	103	153	1
-2400	3600	1129.3	599.75	203	103	203	1
-2400	3600	1126.3	596.75	203	103	253	1
-2400	3600	1118.8	587.75	203	103	3	1
-2400	3600	1121.8	598.25	203	103	53	1
-2400	3600	1142.8	517.25	203	153	103	1
-2400	3600	1141.3	518.75	203	153	153	1
-2400	3600	1139.8	515.75	203	153	203	1
-2400	3600	1141.3	517.25	203	153	253	1
-2400	3600	1133.8	508.25	203	153	3	1
-2400	3600	1135.3	514.25	203	153	53	1
-2400	3600	1144.3	440.75	203	203	103	1
-2400	3600	1145.8	437.75	203	203	153	1
-2400	3600	1145.8	439.25	203	203	203	1
-2400	3600	1147.3	439.25	203	203	253	1
-2400	3600	1130.8	440.75	203	203	3	1
-2400	3600	1139.8	442.25	203	203	53	1
-2400	3600	1153.3	368.75	203	253	103	1
-2400	3600	1154.8	368.75	203	253	153	1
-2400	3600	1154.8	368.75	203	253	203	1
-2400	3600	1150.3	368.75	203	253	253	1
-2400	3600	1142.8	365.75	203	253	3	1
-2400	3600	1153.2	366.5	203	253	53	1
-2400	3600	1084.3	743.75	203	3	103	1
-2400	3600	1093.3	745.25	203	3	153	1
-2400	3600	1093.3	743.75	203	3	203	1
-2400	3600	1088.8	745.25	203	3	253	1
-2400	3600	1087.3	736.25	203	3	3	1
-2400	3600	1075.3	754.25	203	3	53	1
-2400	3600	1109.8	673.25	203	53	103	1
-2400	3600	1109.8	673.25	203	53	153	1
-2400	3600	1114.3	671.75	203	53	203	1
-2400	3600	1114.3	676.25	203	53	253	1
-2400	3600	1106.8	664.25	203	53	3	1
-2400	3600	1100.8	685.25	203	53	53	1
-2400	3600	1298.8	619.25	228	103	103	1
-2400	3600	1294.3	620.75	228	103	153	1
-2400	3600	1295.8	619.25	228	103	203	1
-2400	3600	1297.3	620.75	228	103	253	1
-2400	3600	1285.3	613.25	228	103	3	1
-2400	3600	1297.3	623.75	228	103	53	1
-2400	3600	1309.3	535.25	228	153	103	1
-2400	3600	1307.8	538.25	228	153	153	1
-2400	3600	1306.3	536.75	228	153	203	1
-2400	3600	1307.8	539.75	228	153	253	1
-2400	3600	1303.3	529.25	228	153	3	1
-2400	3600	1310.8	535.25	228	153	53	1
-2400	3600	1319.8	461.75	228	203	103	1
-2400	3600	1324.3	461.75	228	203	153	1
-2400	3600	1324.3	460.25	228	203	203	1
-2400	3600	1321.3	463.25	228	203	253	1
-2400	3600	1306.3	460.25	228	203	3	1
-2400	3600	1318.3	461.75	228	203	53	1
-2400	3600	1324.3	386.75	228	253	103	1
-2400	3600	1319.8	383.75	228	253	153	1
-2400	3600	1324.3	382.25	228	253	203	1
-2400	3600	1321.3	385.25	228	253	253	1
-2400	3600	1310.8	383.75	228	253	3	1
-2400	3600	1318.3	385.25	228	253	53	1
-2400	3600	1250.8	763.25	228	3	103	1
-2400	3600	1250.8	772.25	228	3	153	1
-2400	3600	1256.8	766.25	228	3	203	1
-2400	3600	1252.3	767.75	228	3	253	1
-2400	3600	1243.3	758.75	228	3	3	1
-2400	3600	1240.3	775.25	228	3	53	1
-2400	3600	1274.8	695.75	228	53	103	1
-2400	3600	1276.3	697.25	228	53	153	1
-2400	3600	1273.3	695.75	228	53	203	1
-2400	3600	1276.3	695.75	228	53	253	1
-2400	3600	1270.3	686.75	228	53	3	1
-2400	3600	1267.3	703.25	228	53	53	1
-2400	3600	1438.3	641.75	253	103	103	1
-2400	3600	1436.8	643.25	253	103	153	1
-2400	3600	1435.3	644.75	253	103	203	1
-2400	3600	1438.3	643.25	253	103	253	1
-2400	3600	1426.3	638.75	253	103	3	1
-2400	3600	1433.8	643.25	253	103	53	1
-2400	3600	1454.8	559.25	253	153	103	1
-2400	3600	1456.3	560.75	253	153	153	1
-2400	3600	1453.3	560.75	253	153	203	1
-2400	3600	1451.8	560.75	253	153	253	1
-2400	3600	1441.3	551.75	253	153	3	1
-2400	3600	1445.8	557.75	253	153	53	1
-2400	3600	1460.8	482.75	253	203	103	1
-2400	3600	1463.8	481.25	253	203	153	1
-2400	3600	1462.3	479.75	253	203	203	1
-2400	3600	1463.8	482.75	253	203	253	1
-2400	3600	1447.3	479.75	253	203	3	1
-2400	3600	1462.3	481.25	253	203	53	1
-2400	3600	1466.8	401.75	253	253	103	1
-2400	3600	1468.3	401.75	253	253	153	1
-2400	3600	1468.3	400.25	253	253	203	1
-2400	3600	1471.3	401.75	253	253	253	1
-2400	3600	1451.8	400.25	253	253	3	1
-2400	3600	1463.8	400.25	253	253	53	1
-2400	3600	1385.8	791.75	253	3	103	1
-2400	3600	1388.8	796.25	253	3	153	1
-2400	3600	1385.8	794.75	253	3	203	1
-2400	3600	1388.8	796.25	253	3	253	1
-2400	3600	1372.3	784.25	253	3	3	1
-2400	3600	1375.3	808.25	253	3	53	1
-2400	3600	1408.3	719.75	253	53	103	1
-2400	3600	1412.8	722.75	253	53	153	1
-2400	3600	1415.8	721.25	253	53	203	1
-2400	3600	1415.8	721.25	253	53	253	1
-2400	3600	1402.3	713.75	253	53	3	1
-2400	3600	1397.8	730.25	253	53	53	1
3000	3600	923.75	590.75	28	103	103	1
3000	3600	925.25	589.25	28	103	153	1
3000	3600	925.25	589.25	28	103	203	1
3000	3600	925.25	589.25	28	103	253	1
3000	3600	916.25	578.75	28	103	3	1
3000	3600	911.75	605.75	28	103	53	1
3000	3600	913.25	521.75	28	153	103	1
3000	3600	916.25	524.75	28	153	153	1
3000	3600	913.25	526.25	28	153	203	1
3000	3600	917.75	523.25	28	153	253	1
3000	3600	908.75	515.75	28	153	3	1
3000	3600	911.75	523.25	28	153	53	1
3000	3600	910.25	464.75	28	203	103	1
3000	3600	910.25	464.75	28	203	153	1
3000	3600	911.75	466.25	28	203	203	1
3000	3600	911.75	467.75	28	203	253	1
3000	3600	898.25	473.75	28	203	3	1
3000	3600	913.25	464.75	28	203	53	1
3000	3600	911.75	407.75	28	253	103	1
3000	3600	914.75	409.25	28	253	153	1
3000	3600	913.25	404.75	28	253	203	1
3000	3600	913.25	406.25	28	253	253	1
3000	3600	902.75	404.75	28	253	3	1
3000	3600	908.75	409.25	28	253	53	1
3000	3600	952.25	703.25	28	3	103	1
3000	3600	955.25	704.75	28	3	153	1
3000	3600	953.75	700.25	28	3	203	1
3000	3600	952.25	701.75	28	3	253	1
3000	3600	940.25	694.25	28	3	3	1
3000	3600	938.75	706.25	28	3	53	1
3000	3600	937.25	646.25	28	53	103	1
3000	3600	937.25	649.25	28	53	153	1
3000	3600	940.25	647.75	28	53	203	1
3000	3600	938.75	650.75	28	53	253	1
3000	3600	931.25	641.75	28	53	3	1
3000	3600	925.25	661.25	28	53	53	1
3000	3600	730.25	583.25	3	103	103	1
3000	3600	733.25	586.25	3	103	153	1
3000	3600	733.25	583.25	3	103	203	1
3000	3600	730.25	583.25	3	103	253	1
3000	3600	724.25	574.25	3	103	3	1
3000	3600	718.25	596.75	3	103	53	1
3000	3600	718.25	518.75	3	153	103	1
3000	3600	715.25	520.25	3	153	153	1
3000	3600	713.75	521.75	3	153	203	1
3000	3600	715.25	520.25	3	153	253	1
3000	3600	709.25	508.25	3	153	3	1
3000	3600	713.75	518.75	3	153	53	1
3000	3600	707.75	457.25	3	203	103	1
3000	3600	707.75	457.25	3	203	153	1
3000	3600	709.25	457.25	3	203	203	1
3000	3600	707.75	458.75	3	203	253	1
3000	3600	703.25	448.25	3	203	3	1
3000	3600	704.75	454.25	3	203	53	1
3000	3600	706.25	398.75	3	253	103	1
3000	3600	704.75	397.25	3	253	153	1
3000	3600	706.25	398.75	3	253	203	1
3000	3600	709.25	397.25	3	253	253	1
3000	3600	692.75	397.25	3	253	3	1
3000	3600	706.25	398.75	3	253	53	1
3000	3600	766.25	697.25	3	3	103	1
3000	3600	766.25	700.25	3	3	153	1
3000	3600	766.25	694.25	3	3	203	1
3000	3600	773.75	695.75	3	3	253	1
3000	3600	761.75	685.25	3	3	3	1
3000	3600	760.25	698.75	3	3	53	1
3000	3600	746.75	641.75	3	53	103	1
3000	3600	746.75	644.75	3	53	153	1
3000	3600	752.75	640.25	3	53	203	1
3000	3600	752.75	643.25	3	53	253	1
3000	3600	740.75	635.75	3	53	3	1
3000	3600	740.75	658.25	3	53	53	1
3000	3600	1117.3	601.25	53	103	103	1
3000	3600	1117.3	601.25	53	103	153	1
3000	3600	1118.8	601.25	53	103	203	1
3000	3600	1117.3	602.75	53	103	253	1
3000	3600	1108.3	596.75	53	103	3	1
3000	3600	1102.3	614.75	53	103	53	1
3000	3600	1112.8	539.75	53	153	103	1
3000	3600	1114.3	538.25	53	153	153	1
3000	3600	1111.3	541.25	53	153	203	1
3000	3600	1112.8	539.75	53	153	253	1
3000	3600	1103.8	530.75	53	153	3	1
3000	3600	1111.3	539.75	53	153	53	1
3000	3600	1106.8	479.75	53	203	103	1
3000	3600	1106.8	475.25	53	203	153	1
3000	3600	1109.8	479.75	53	203	203	1
3000	3600	1108.3	481.25	53	203	253	1
3000	3600	1093.3	490.25	53	203	3	1
3000	3600	1111.3	479.75	53	203	53	1
3000	3600	1108.3	424.25	53	253	103	1
3000	3600	1108.3	424.25	53	253	153	1
3000	3600	1109.8	421.25	53	253	203	1
3000	3600	1111.3	424.25	53	253	253	1
3000	3600	1102.3	421.25	53	253	3	1
3000	3600	1108.3	422.75	53	253	53	1
3000	3600	1138.3	718.25	53	3	103	1
3000	3600	1138.3	722.75	53	3	153	1
3000	3600	1142.8	719.75	53	3	203	1
3000	3600	1138.3	718.25	53	3	253	1
3000	3600	1126.3	713.75	53	3	3	1
3000	3600	1121.8	721.25	53	3	53	1
3000	3600	1127.8	661.25	53	53	103	1
3000	3600	1124.8	664.25	53	53	153	1
3000	3600	1123.3	664.25	53	53	203	1
3000	3600	1127.8	664.25	53	53	253	1
3000	3600	1120.3	661.25	53	53	3	1
3000	3600	1115.8	677.75	53	53	53	1
3000	3600	1280.8	623.75	78	103	103	1
3000	3600	1280.8	619.25	78	103	153	1
3000	3600	1276.3	619.25	78	103	203	1
3000	3600	1277.8	622.25	78	103	253	1
3000	3600	1274.8	617.75	78	103	3	1
3000	3600	1271.8	632.75	78	103	53	1
3000	3600	1280.8	554.75	78	153	103	1
3000	3600	1273.3	560.75	78	153	153	1
3000	3600	1282.3	557.75	78	153	203	1
3000	3600	1277.8	559.25	78	153	253	1
3000	3600	1276.3	551.75	78	153	3	1
3000	3600	1277.8	559.25	78	153	53	1
3000	3600	1295.8	740.75	78	3	103	1
3000	3600	1298.8	743.75	78	3	153	1
3000	3600	1298.8	739.25	78	3	203	1
3000	3600	1298.8	742.25	78	3	253	1
3000	3600	1285.3	736.25	78	3	3	1
3000	3600	1283.8	745.25	78	3	53	1
3000	3600	1285.3	682.25	78	53	103	1
3000	3600	1288.3	685.25	78	53	153	1
3000	3600	1289.8	682.25	78	53	203	1
3000	3600	1285.3	682.25	78	53	253	1
3000	3600	1277.8	676.25	78	53	3	1
3000	3600	1277.8	695.75	78	53	53	1
3000	3600	1441.3	646.25	103	103	103	1
3000	3600	1439.8	644.75	103	103	153	1
3000	3600	1439.8	646.25	103	103	203	1
3000	3600	1447.3	647.75	103	103	253	1
3000	3600	1436.8	644.75	103	103	3	1
3000	3600	1427.8	655.25	103	103	53	1
3000	3600	1439.8	583.25	103	153	103	1
3000	3600	1441.3	584.75	103	153	153	1
3000	3600	1439.8	580.25	103	153	203	1
3000	3600	1439.8	584.75	103	153	253	1
3000	3600	1433.8	578.75	103	153	3	1
3000	3600	1441.3	584.75	103	153	53	1
3000	3600	1442.8	520.25	103	203	103	1
3000	3600	1445.8	521.75	103	203	153	1
3000	3600	1444.3	520.25	103	203	203	1
3000	3600	1445.8	521.75	103	203	253	1
3000	3600	1430.8	529.25	103	203	3	1
3000	3600	1445.8	521.75	103	203	53	1
3000	3600	1448.8	461.75	103	253	103	1
3000	3600	1445.8	461.75	103	253	153	1
3000	3600	1448.8	463.25	103	253	203	1
3000	3600	1447.3	461.75	103	253	253	1
3000	3600	1436.8	463.25	103	253	3	1
3000	3600	1448.8	461.75	103	253	53	1
3000	3600	1451.8	769.25	103	3	103	1
3000	3600	1447.3	772.25	103	3	153	1
3000	3600	1453.3	767.75	103	3	203	1
3000	3600	1451.8	770.75	103	3	253	1
3000	3600	1444.3	767.75	103	3	3	1
3000	3600	1439.8	779.75	103	3	53	1
3000	3600	1442.8	707.75	103	53	103	1
3000	3600	1444.3	709.25	103	53	153	1
3000	3600	1444.3	710.75	103	53	203	1
3000	3600	1445.8	712.25	103	53	253	1
3000	3600	1435.3	704.75	103	53	3	1
3000	3600	1435.3	718.25	103	53	53	1
3000	3600	1595.8	677.75	128	103	103	1
3000	3600	1594.3	682.25	128	103	153	1
3000	3600	1589.8	677.75	128	103	203	1
3000	3600	1591.3	679.25	128	103	253	1
3000	3600	1585.3	676.25	128	103	3	1
3000	3600	1580.8	686.75	128	103	53	1
3000	3600	1595.8	610.25	128	153	103	1
3000	3600	1594.3	613.25	128	153	153	1
3000	3600	1592.8	611.75	128	153	203	1
3000	3600	1595.8	614.75	128	153	253	1
3000	3600	1589.8	607.25	128	153	3	1
3000	3600	1597.3	611.75	128	153	53	1
3000	3600	1600.3	548.75	128	203	103	1
3000	3600	1600.3	550.25	128	203	153	1
3000	3600	1600.3	547.25	128	203	203	1
3000	3600	1600.3	548.75	128	203	253	1
3000	3600	1588.3	554.75	128	203	3	1
3000	3600	1600.3	547.25	128	203	53	1
3000	3600	1604.8	487.25	128	253	103	1
3000	3600	1607.8	484.25	128	253	153	1
3000	3600	1601.8	485.75	128	253	203	1
3000	3600	1609.3	485.75	128	253	253	1
3000	3600	1594.3	488.75	128	253	3	1
3000	3600	1601.8	484.25	128	253	53	1
3000	3600	1592.8	805.25	128	3	103	1
3000	3600	1591.3	806.75	128	3	153	1
3000	3600	1592.8	805.25	128	3	203	1
3000	3600	1592.8	808.25	128	3	253	1
3000	3600	1582.3	800.75	128	3	3	1
3000	3600	1580.8	814.25	128	3	53	1
3000	3600	1592.8	742.25	128	53	103	1
3000	3600	1589.8	743.75	128	53	153	1
3000	3600	1594.3	743.75	128	53	203	1
3000	3600	1591.3	740.75	128	53	253	1
3000	3600	1582.3	740.75	128	53	3	1
3000	3600	1580.8	751.25	128	53	53	1
3000	3600	1730.8	713.75	153	103	103	1
3000	3600	1729.3	713.75	153	103	153	1
3000	3600	1730.8	713.75	153	103	203	1
3000	3600	1730.8	712.25	153	103	253	1
3000	3600	1724.8	713.75	153	103	3	1
3000	3600	1721.8	719.75	153	103	53	1
3000	3600	1736.8	644.75	153	153	103	1
3000	3600	1736.8	644.75	153	153	153	1
3000	3600	1738.3	647.75	153	153	203	1
3000	3600	1732.3	646.25	153	153	253	1
3000	3600	1727.8	640.25	153	153	3	1
3000	3600	1735.3	646.25	153	153	53	1
3000	3600	1741.3	575.75	153	203	103	1
3000	3600	1745.8	577.25	153	203	153	1
3000	3600	1742.8	578.75	153	203	203	1
3000	3600	1745.8	577.25	153	203	253	1
3000	3600	1730.8	584.75	153	203	3	1
3000	3600	1741.3	580.25	153	203	53	1
3000	3600	1745.8	514.25	153	253	103	1
3000	3600	1745.8	509.75	153	253	153	1
3000	3600	1742.8	511.25	153	253	203	1
3000	3600	1744.3	511.25	153	253	253	1
3000	3600	1739.8	512.75	153	253	3	1
3000	3600	1748.8	512.75	153	253	53	1
-2400	3600	808.25	727.25	153	3	103	1
-2400	3600	809.75	730.25	153	3	153	1
-2400	3600	811.25	725.75	153	3	203	1
-2400	3600	812.75	728.75	153	3	253	1
-2400	3600	805.25	718.25	153	3	3	1
-2400	3600	799.25	739.25	153	3	53	1
-2400	3600	821.75	653.75	153	53	103	1
-2400	3600	823.25	652.25	153	53	153	1
-2400	3600	824.75	650.75	153	53	203	1
-2400	3600	824.75	656.75	153	53	253	1
-2400	3600	814.25	644.75	153	53	3	1
-2400	3600	811.25	662.75	153	53	53	1
-2400	3600	953.75	731.75	178	3	103	1
-2400	3600	952.25	733.25	178	3	153	1
-2400	3600	958.25	733.25	178	3	203	1
-2400	3600	958.25	734.75	178	3	253	1
-2400	3600	947.75	722.75	178	3	3	1
-2400	3600	946.25	743.75	178	3	53	1
-2400	3600	965.75	656.75	178	53	103	1
-2400	3600	970.25	662.75	178	53	153	1
-2400	3600	973.25	661.25	178	53	203	1
-2400	3600	971.75	658.25	178	53	253	1
-2400	3600	967.25	653.75	178	53	3	1
-2400	3600	964.25	671.75	178	53	53	1
-2400	3600	356.75	419.75	78	203	103	1
-2400	3600	359.75	418.25	78	203	153	1
-2400	3600	361.25	419.75	78	203	203	1
-2400	3600	359.75	422.75	78	203	253	1
-2400	3600	350.75	430.25	78	203	3	1
-2400	3600	359.75	422.75	78	203	53	1
-2400	3600	364.25	340.25	78	253	103	1
-2400	3600	362.75	340.25	78	253	153	1
-2400	3600	362.75	337.25	78	253	203	1
-2400	3600	361.25	340.25	78	253	253	1
-2400	3600	352.25	335.75	78	253	3	1
-2400	3600	364.25	338.75	78	253	53	1